

Malaga
+---------+-----+
|yearmonth|count|
+---------+-----+
|        1| 9633|
|        2| 8379|
|        3|10659|
|        4| 8265|
|        5|10830|
|        6| 7923|
|        7| 8892|
|        8| 7866|
|        9| 8151|
|       10| 6499|
|       11| 6384|
|       12| 3696|
+---------+-----+







Madrid
+---------+-----+
|yearmonth|count|
+---------+-----+
|        1|24258|
|        2|22800|
|        3|24681|
|        4|25251|
|        5|26334|
|        6|22800|
|        7|22971|
|        8|21831|
|        9|21147|
|       10|22294|
|       11|20272|
|       12|14504|
+---------+-----+


Barcelona

|yearmonth|count|
+---------+-----+
|        1|29469|
|        2|28329|
|        3|30552|
|        4|31236|
|        5|28728|
|        6|26505|
|        7|29241|
|        8|27075|
|        9|23427|
|       10|20276|
|       11|19824|
|       12|15400|
+---------+-----+



Malaga in Blue
Madrid in Orange
Barcelona in Green


